32 32
65119252 65119252 65119252 65119252 65119252 65119252 65119252 65119252 65119252 65119252 65119252 65119252 65119252 65119252 65119252 65119252 65119252 65119252 65119252 65119252 65119252 65119252 65119252 65119252 65119252 65119252 65119252 65119252 65119252 65119252 65119252 65119252 
65119252 65119252 65119252 65119252 65119252 65119252 65119252 65119252 65119252 65119252 65119252 65119252 65119252 65119252 65119252 65119252 65119252 65119252 65119252 65119252 65119252 65119252 65119252 65119252 65119252 65119252 65119252 65119252 65119252 65119252 65119252 65119252 
65119252 65119252 65119252 65119252 65119252 65119252 65119252 65119252 65119252 65119252 65119252 65119252 65119252 65119252 65119252 65119252 65119252 65119252 65119252 65119252 65119252 65119252 65119252 65119252 65119252 65119252 65119252 65119252 65119252 65119252 65119252 65119252 
65119252 65119252 65119252 65119252 65119252 65119252 65119252 65119252 65119252 65119252 65119252 65119252 65119252 65119252 65119252 65119252 65119252 65119252 65119252 65119252 65119252 65119252 65119252 65119252 65119252 65119252 65119252 65119252 65119252 65119252 65119252 65119252 
65119252 65119252 65119252 65119252 65119252 65119252 65119252 65119252 65119252 65119252 65119252 65119252 65119252 65119252 65119252 65119252 65119252 65119252 65119252 65119252 65119252 65119252 65119252 65119252 65119252 65119252 65119252 65119252 65119252 65119252 65119252 65119252 
65119252 65119252 65119252 65119252 65119252 65119252 65119252 65119252 65119252 65119252 65119252 65119252 65119252 65119252 65119252 65119252 65119252 65119252 65119252 65119252 65119252 65119252 65119252 65119252 65119252 65119252 65119252 65119252 65119252 65119252 65119252 65119252 
65119252 65119252 65119252 65119252 65119252 65119252 65119252 65119252 65119252 65119252 65119252 65119252 65119252 65119252 65119252 65119252 65119252 65119252 65119252 65119252 65119252 65119252 65119252 65119252 65119252 65119252 65119252 65119252 65119252 65119252 65119252 65119252 
65119252 65119252 65119252 65119252 65119252 65119252 65119252 65119252 65119252 65119252 65119252 65119252 65119252 65119252 65119252 65119252 65119252 65119252 65119252 65119252 65119252 65119252 65119252 65119252 65119252 65119252 65119252 65119252 65119252 65119252 65119252 65119252 
65119252 65119252 65119252 65119252 65119252 65119252 65119252 65119252 65119252 65119252 65119252 65119252 65119252 65119252 65119252 65119252 65119252 65119252 65119252 65119252 65119252 65119252 65119252 65119252 65119252 65119252 65119252 65119252 65119252 65119252 65119252 65119252 
65119252 65119252 65119252 65119252 65119252 65119252 65119252 65119252 65119252 65119252 65119252 65119252 65119252 65119252 65119252 65119252 65119252 65119252 65119252 65119252 65119252 65119252 65119252 65119252 65119252 65119252 65119252 65119252 65119252 65119252 65119252 65119252 
65119252 65119252 65119252 65119252 65119252 65119252 65119252 65119252 65119252 65119252 65119252 65119252 65119252 65119252 65119252 65119252 65119252 65119252 65119252 65119252 65119252 65119252 65119252 65119252 65119252 65119252 65119252 65119252 65119252 65119252 65119252 65119252 
65119252 65119252 65119252 65119252 65119252 65119252 65119252 65119252 65119252 65119252 65119252 65119252 65119252 65119252 65119252 65119252 65119252 65119252 65119252 65119252 65119252 65119252 65119252 65119252 65119252 65119252 65119252 65119252 65119252 65119252 65119252 65119252 
65119252 65119252 65119252 65119252 65119252 65119252 65119252 65119252 65119252 65119252 65119252 65119252 65119252 65119252 65119252 65119252 65119252 65119252 65119252 65119252 65119252 65119252 65119252 65119252 65119252 65119252 65119252 65119252 65119252 65119252 65119252 65119252 
65119252 65119252 65119252 65119252 65119252 65119252 65119252 65119252 65119252 65119252 65119252 65119252 65119252 65119252 65119252 65119252 65119252 65119252 65119252 65119252 65119252 65119252 65119252 65119252 65119252 65119252 65119252 65119252 65119252 65119252 65119252 65119252 
65119252 65119252 65119252 65119252 65119252 65119252 65119252 65119252 65119252 65119252 65119252 65119252 65119252 65119252 65119252 65119252 65119252 65119252 65119252 65119252 65119252 65119252 65119252 65119252 65119252 65119252 65119252 65119252 65119252 65119252 65119252 65119252 
65119252 65119252 65119252 65119252 65119252 65119252 65119252 65119252 65119252 65119252 65119252 65119252 65119252 65119252 65119252 65119252 65119252 65119252 65119252 65119252 65119252 65119252 65119252 65119252 65119252 65119252 65119252 65119252 65119252 65119252 65119252 65119252 
65119252 65119252 65119252 65119252 65119252 65119252 65119252 65119252 65119252 65119252 65119252 65119252 65119252 65119252 65119252 65119252 65119252 65119252 65119252 65119252 65119252 65119252 65119252 65119252 65119252 65119252 65119252 65119252 65119252 65119252 65119252 65119252 
65119252 65119252 65119252 65119252 65119252 65119252 65119252 65119252 65119252 65119252 65119252 65119252 65119252 65119252 65119252 65119252 65119252 65119252 65119252 65119252 65119252 65119252 65119252 65119252 65119252 65119252 65119252 65119252 65119252 65119252 65119252 65119252 
65119252 65119252 65119252 65119252 65119252 65119252 65119252 65119252 65119252 65119252 65119252 65119252 65119252 65119252 65119252 65119252 65119252 65119252 65119252 65119252 65119252 65119252 65119252 65119252 65119252 65119252 65119252 65119252 65119252 65119252 65119252 65119252 
65119252 65119252 65119252 65119252 65119252 65119252 65119252 65119252 65119252 65119252 65119252 65119252 65119252 65119252 65119252 65119252 65119252 65119252 65119252 65119252 65119252 65119252 65119252 65119252 65119252 65119252 65119252 65119252 65119252 65119252 65119252 65119252 
65119252 65119252 65119252 65119252 65119252 65119252 65119252 65119252 65119252 65119252 65119252 65119252 65119252 65119252 65119252 65119252 65119252 65119252 65119252 65119252 65119252 65119252 65119252 65119252 65119252 65119252 65119252 65119252 65119252 65119252 65119252 65119252 
65119252 65119252 65119252 65119252 65119252 65119252 65119252 65119252 65119252 65119252 65119252 65119252 65119252 65119252 65119252 65119252 65119252 65119252 65119252 65119252 65119252 65119252 65119252 65119252 65119252 65119252 65119252 65119252 65119252 65119252 65119252 65119252 
65119252 65119252 65119252 65119252 65119252 65119252 65119252 65119252 65119252 65119252 65119252 65119252 65119252 65119252 65119252 65119252 65119252 65119252 65119252 65119252 65119252 65119252 65119252 65119252 65119252 65119252 65119252 65119252 65119252 65119252 65119252 65119252 
65119252 65119252 65119252 65119252 65119252 65119252 65119252 65119252 65119252 65119252 65119252 65119252 65119252 65119252 65119252 65119252 65119252 65119252 65119252 65119252 65119252 65119252 65119252 65119252 65119252 65119252 65119252 65119252 65119252 65119252 65119252 65119252 
65119252 65119252 65119252 65119252 65119252 65119252 65119252 65119252 65119252 65119252 65119252 65119252 65119252 65119252 65119252 65119252 65119252 65119252 65119252 65119252 65119252 65119252 65119252 65119252 65119252 65119252 65119252 65119252 65119252 65119252 65119252 65119252 
65119252 65119252 65119252 65119252 65119252 65119252 65119252 65119252 65119252 65119252 65119252 65119252 65119252 65119252 65119252 65119252 65119252 65119252 65119252 65119252 65119252 65119252 65119252 65119252 65119252 65119252 65119252 65119252 65119252 65119252 65119252 65119252 
65119252 65119252 65119252 65119252 65119252 65119252 65119252 65119252 65119252 65119252 65119252 65119252 65119252 65119252 65119252 65119252 65119252 65119252 65119252 65119252 65119252 65119252 65119252 65119252 65119252 65119252 65119252 65119252 65119252 65119252 65119252 65119252 
65119252 65119252 65119252 65119252 65119252 65119252 65119252 65119252 65119252 65119252 65119252 65119252 65119252 65119252 65119252 65119252 65119252 65119252 65119252 65119252 65119252 65119252 65119252 65119252 65119252 65119252 65119252 65119252 65119252 65119252 65119252 65119252 
65119252 65119252 65119252 65119252 65119252 65119252 65119252 65119252 65119252 65119252 65119252 65119252 65119252 65119252 65119252 65119252 65119252 65119252 65119252 65119252 65119252 65119252 65119252 65119252 65119252 65119252 65119252 65119252 65119252 65119252 65119252 65119252 
65119252 65119252 65119252 65119252 65119252 65119252 65119252 65119252 65119252 65119252 65119252 65119252 65119252 65119252 65119252 65119252 65119252 65119252 65119252 65119252 65119252 65119252 65119252 65119252 65119252 65119252 65119252 65119252 65119252 65119252 65119252 65119252 
65119252 65119252 65119252 65119252 65119252 65119252 65119252 65119252 65119252 65119252 65119252 65119252 65119252 65119252 65119252 65119252 65119252 65119252 65119252 65119252 65119252 65119252 65119252 65119252 65119252 65119252 65119252 65119252 65119252 65119252 65119252 65119252 
65119252 65119252 65119252 65119252 65119252 65119252 65119252 65119252 65119252 65119252 65119252 65119252 65119252 65119252 65119252 65119252 65119252 65119252 65119252 65119252 65119252 65119252 65119252 65119252 65119252 65119252 65119252 65119252 65119252 65119252 65119252 65119252 
