32 32
15 15 15 15 15 15 15 15 15 15 15 15 15 15 15 0 0 15 15 15 15 15 15 15 15 15 15 15 15 15 15 15 
15 15 15 15 15 15 15 15 15 15 15 15 15 15 0 4 4 0 15 15 15 15 15 15 15 15 15 15 15 15 15 15 
15 15 15 15 15 15 15 15 15 15 15 15 15 15 4 0 0 4 15 15 15 15 15 15 15 15 15 15 15 15 15 15 
15 15 15 15 15 15 15 15 15 15 15 15 15 15 0 4 4 2 15 15 15 15 15 15 15 15 15 15 15 15 15 15 
15 15 15 15 15 15 15 15 15 15 15 15 15 15 4 0 0 4 2 15 15 15 15 15 15 15 15 15 15 15 15 15 
15 15 15 15 15 15 15 15 15 15 15 15 15 15 0 4 4 0 15 2 15 15 15 15 15 15 15 15 15 15 15 15 
15 15 15 15 15 15 15 15 15 15 15 15 15 0 4 0 0 4 0 15 2 15 15 15 15 15 15 15 15 15 15 15 
15 15 15 15 15 15 15 15 15 15 15 15 15 0 0 4 4 0 0 15 2 15 15 15 15 15 15 15 15 15 15 15 
15 15 15 15 15 15 15 15 2 2 0 0 2 2 0 4 4 0 0 0 0 2 2 15 15 15 15 15 15 15 15 15 
15 15 15 15 15 15 15 15 2 0 0 0 0 0 0 0 0 0 0 0 0 0 0 0 15 15 15 15 15 15 15 15 
15 15 15 15 15 15 15 2 2 15 0 0 0 0 0 2 0 2 0 0 0 0 15 2 15 15 15 15 15 15 15 15 
15 15 15 15 15 15 15 2 2 15 15 15 0 0 7 8 8 7 2 0 15 15 15 15 15 15 15 15 15 15 15 15 
15 15 15 15 15 15 15 2 2 15 15 15 0 0 7 8 8 7 0 0 2 15 15 15 15 15 15 15 15 15 15 15 
15 15 15 15 15 15 15 2 2 15 15 15 0 0 7 8 8 7 0 0 2 15 15 15 15 15 15 15 15 15 15 15 
15 15 15 15 15 15 15 2 15 15 15 15 2 0 7 8 8 7 0 0 2 15 15 15 15 15 15 15 15 15 15 15 
15 15 15 15 15 15 2 2 15 15 15 15 0 0 7 8 8 7 0 0 15 2 15 15 15 15 15 15 15 15 15 15 
15 15 15 15 15 15 2 15 15 15 15 15 0 2 2 8 8 7 0 0 15 15 15 15 15 15 15 15 15 15 15 15 
15 15 15 15 15 15 2 15 15 15 15 15 0 0 2 8 8 7 0 0 15 15 15 15 15 15 15 15 15 15 15 15 
15 15 15 15 15 15 2 15 15 15 15 15 0 0 7 2 2 7 0 0 15 15 15 15 15 15 15 15 15 15 15 15 
15 15 15 15 15 15 15 15 15 15 15 15 0 0 7 8 2 2 0 0 15 15 15 15 15 15 15 15 15 15 15 15 
15 15 15 15 15 15 15 15 15 15 15 15 0 0 7 8 8 7 2 0 15 15 15 15 15 15 15 15 15 15 15 15 
15 15 15 15 15 15 15 15 15 15 15 15 0 0 7 8 8 7 0 2 15 15 15 15 15 15 15 15 15 15 15 15 
15 15 15 15 15 15 15 15 15 15 15 15 0 0 7 8 8 7 0 2 15 15 15 15 15 15 15 15 15 15 15 15 
15 15 15 15 15 15 15 15 15 15 15 15 0 0 7 8 8 7 0 0 2 15 15 15 15 15 15 15 15 15 15 15 
15 15 15 15 15 15 15 15 15 15 15 2 0 0 7 8 8 7 0 0 2 15 15 15 15 15 15 15 15 15 15 15 
15 15 15 15 15 15 15 0 0 0 2 0 0 0 0 0 0 0 0 0 2 0 2 2 0 15 15 15 15 15 15 15 
15 15 15 15 15 15 0 8 6 2 6 6 6 6 6 8 6 6 6 6 6 6 2 2 8 0 15 15 15 15 15 15 
15 15 15 15 15 0 6 8 6 6 7 8 8 8 7 8 6 6 8 8 7 6 8 8 2 6 0 15 15 15 15 15 
15 15 15 15 0 6 8 6 7 2 8 8 8 8 7 6 8 8 8 8 8 8 8 6 8 2 6 0 15 15 15 15 
15 15 15 0 6 6 6 6 8 6 8 7 8 6 6 6 8 8 8 7 6 8 8 7 8 2 7 6 0 15 15 15 
15 15 15 0 6 8 6 6 6 6 8 8 8 6 6 8 6 6 8 6 6 6 8 6 6 2 6 6 0 15 15 15 
15 15 15 0 0 0 0 0 0 0 0 0 0 0 0 0 0 0 0 0 0 0 0 0 0 0 0 0 0 15 15 15 
