32 32
53087497 52499715 50421900 50421900 50421900 50421900 50421900 50744455 50421900 50744455 50744455 50744455 50421900 50421900 53087497 53087497 51649027 51649027 50421900 50421900 50421900 50744455 50744455 50421900 50421900 50744455 50744455 50421900 50744455 50744455 51649027 51649027 
53087497 53087497 50421900 50421900 50421900 50421900 50421900 50421900 50421900 50421900 50744455 50744455 50421900 50421900 53087497 53087497 51649027 51649027 50421900 50421900 50421900 50744455 50744455 50421900 50421900 50744455 50744455 50421900 50744455 50744455 51649027 51649027 
62717183 62717183 54469634 54469634 62717183 62717183 50744455 50744455 50744455 50421900 53087497 53087497 50421900 50421900 62717183 62717183 62717183 62717183 51649027 51649027 62717183 62717183 50421900 50421900 50421900 50421900 51649027 51649027 50421900 50421900 62717183 62717183 
62717183 62717183 54469634 54469634 62717183 62717183 50744455 50744455 50421900 50421900 53087497 53087497 50421900 50421900 62717183 62717183 62717183 62717183 51649027 51649027 62717183 62717183 50421900 50421900 50421900 50421900 51649027 51649027 50421900 50421900 62717183 62717183 
50421900 50421900 62717183 62717183 50421900 50421900 52697349 52697349 52697349 52697349 50421900 50421900 62717183 62717183 50421900 50421900 50421900 50421900 62717183 62717183 50421900 50421900 54734083 54734083 51649027 51649027 50421900 50421900 62717183 62717183 50421900 50421900 
50421900 50421900 62717183 62717183 50421900 50421900 52697349 50744455 52697349 52697349 50421900 50421900 62717183 62717183 50744455 50421900 50421900 50421900 62717183 62717183 50421900 50421900 54734083 54734083 51649027 51649027 50421900 50421900 62717183 62717183 50421900 50421900 
50421900 50421900 50744455 50421900 50744455 50421900 54734083 54734083 54469634 54469634 50944931 50944931 50421900 50421900 50421900 50744455 50944931 50944931 50421900 50421900 50421900 50421900 51649027 51649027 54734083 54734083 50744455 50744455 50744455 50744455 50421900 50421900 
50744455 50421900 50421900 50421900 50421900 50421900 54734083 54734083 54469634 54469634 50944931 50944931 50421900 50421900 50421900 50421900 50944931 50944931 50421900 50421900 50421900 50421900 51649027 51649027 54734083 54734083 50744455 50744455 50744455 50744455 50421900 50421900 
50421900 50421900 50744455 50744455 50421900 50421900 51649027 51649027 50421900 50421900 52697349 52697349 50944931 50944931 50944931 50944931 50421900 50421900 50944931 50944931 50744455 50421900 51649027 51649027 50421900 50421900 51649027 51649027 50421900 50421900 50744455 50744455 
50421900 50744455 50744455 50744455 50421900 50421900 51649027 51649027 50421900 50421900 52697349 52697349 50944931 50944931 50944931 50944931 50744455 50421900 50944931 50944931 50421900 50421900 51649027 51649027 50421900 50421900 51649027 51649027 50421900 50421900 50744455 50744455 
50744455 50744455 50421900 50421900 54734083 54734083 50421900 50421900 52697349 52697349 52697349 52697349 50421900 50421900 50421900 50744455 50744455 50944931 50421900 50421900 54734083 54734083 50421900 50421900 52499715 52499715 52499715 52499715 50744455 50744455 50421900 50421900 
50744455 50744455 50421900 50744455 54734083 54734083 50421900 50421900 52697349 52697349 52697349 52697349 50421900 50421900 50421900 50421900 50944931 50944931 50421900 50421900 54734083 54734083 50421900 50421900 52499715 52499715 52499715 52499715 50744455 50744455 50421900 50421900 
50421900 50421900 50421900 50421900 51649027 51649027 51649027 50744455 50421900 50421900 50421900 50421900 51649027 51649027 51649027 51649027 50421900 50421900 50421900 50421900 54734083 54734083 51649027 51649027 50421900 50421900 50421900 50421900 52499715 52499715 51649027 51649027 
50421900 50421900 50421900 50421900 51649027 51649027 51649027 51649027 50744455 50421900 50421900 50421900 51649027 51649027 51649027 51649027 50421900 50421900 50421900 50421900 54734083 54734083 51649027 51649027 50421900 50421900 50421900 50421900 52499715 52499715 51649027 51649027 
51649027 51649027 54734083 54734083 51649027 51649027 50421900 50421900 50421900 50421900 50944931 50944931 50421900 50421900 54734083 54734083 51649027 51649027 54734083 54734083 51649027 51649027 50421900 50421900 50744455 50421900 50421900 50744455 50421900 50421900 54734083 54734083 
51649027 51649027 54734083 54734083 51649027 51649027 50421900 50421900 50421900 50421900 50944931 50944931 50421900 50421900 54734083 54734083 51649027 51649027 54734083 54734083 51649027 51649027 50421900 50421900 50421900 50421900 50421900 50421900 50421900 50421900 54734083 54734083 
51649027 51649027 50421900 50421900 50421900 50421900 50421900 50421900 50744455 50744455 50421900 50421900 50421900 50421900 51649027 51649027 51649027 51649027 50421900 50421900 50421900 50421900 50421900 50744455 50421900 50421900 50421900 50421900 50421900 50744455 51649027 51649027 
51649027 51649027 50421900 50421900 50421900 50421900 50421900 50421900 50744455 50744455 50421900 50421900 50421900 50421900 51649027 51649027 51649027 51649027 50421900 50421900 50421900 50421900 50421900 50421900 50421900 50421900 50744455 50421900 50421900 50421900 51649027 51649027 
62717183 62717183 51649027 51649027 62717183 62717183 50421900 50421900 50421900 50421900 51649027 51649027 50421900 50421900 62717183 62717183 62717183 62717183 51649027 51649027 62717183 62717183 50421900 50421900 50421900 50421900 51649027 51649027 50421900 50421900 62717183 62717183 
62717183 62717183 51649027 51649027 62717183 62717183 50421900 50421900 50421900 50421900 51649027 51649027 50421900 50421900 62717183 62717183 62717183 62717183 51649027 51649027 62717183 62717183 50421900 50421900 50421900 50421900 51649027 51649027 50421900 50421900 62717183 62717183 
50421900 50421900 62717183 62717183 50421900 50421900 54734083 54734083 51649027 51649027 50421900 50421900 62717183 62717183 50421900 50421900 50421900 50421900 62717183 62717183 50421900 50421900 51649027 51649027 54734083 54734083 50421900 50421900 62717183 62717183 50744455 50421900 
50421900 50421900 62717183 62717183 50421900 50421900 54734083 54734083 51649027 51649027 50421900 50421900 62717183 50744455 50421900 50421900 50421900 50421900 62717183 62717183 50421900 50744455 51649027 50744455 54734083 54734083 50421900 50744455 62717183 62717183 50421900 50421900 
50421900 50421900 50744455 50744455 50421900 50421900 51649027 51649027 54734083 54734083 50421900 50421900 50421900 50421900 50421900 50744455 50421900 50421900 50421900 50421900 50421900 50421900 52499715 52499715 51649027 51649027 50421900 50421900 50744455 50421900 50421900 50421900 
50421900 50421900 50744455 50744455 50421900 50421900 51649027 51649027 54734083 54734083 50421900 50421900 50421900 50421900 50421900 50421900 50421900 50421900 50421900 50744455 50744455 50421900 52499715 52499715 51649027 51649027 50421900 50421900 50421900 50421900 50421900 50744455 
62717183 62717183 50421900 50421900 50421900 50421900 51649027 51649027 50421900 50421900 51649027 51649027 50421900 50744455 50744455 50744455 62717183 62717183 50421900 50421900 50421900 50421900 51649027 51649027 50421900 50421900 51649027 51649027 50421900 50421900 50744455 50744455 
62717183 62717183 50421900 50421900 50421900 50421900 51649027 51649027 50421900 50421900 51649027 51649027 50421900 50421900 50744455 50744455 62717183 62717183 50421900 50421900 50421900 50421900 51649027 51649027 50421900 50421900 51649027 51649027 50421900 50421900 50744455 50744455 
50421900 50421900 50744455 50744455 51649027 51649027 50421900 50421900 51649027 51649027 51649027 51649027 50421900 50421900 50421900 50421900 50421900 50421900 50744455 50744455 51649027 51649027 50421900 50421900 51649027 51649027 51649027 51649027 50421900 50421900 50744455 50744455 
50421900 50421900 50744455 50744455 51649027 51649027 50421900 50421900 51649027 51649027 51649027 51649027 50421900 50421900 50421900 50421900 50421900 50421900 50744455 50744455 51649027 51649027 50421900 50421900 51649027 51649027 51649027 51649027 50421900 50421900 50421900 50421900 
50744455 50744455 50421900 50421900 51649027 51649027 54734083 54734083 50421900 50421900 50744455 50744455 51649027 51649027 51649027 51649027 50421900 50421900 50421900 50421900 51649027 51649027 51649027 51649027 50421900 50421900 50744455 50744455 51649027 51649027 51649027 51649027 
50744455 50744455 50421900 50421900 51649027 51649027 54734083 54734083 50421900 50421900 50744455 50744455 51649027 51649027 51649027 51649027 50421900 50421900 50421900 50421900 51649027 51649027 51649027 51649027 50421900 50421900 50744455 50744455 51649027 51649027 51649027 51649027 
51649027 51649027 54734083 54734083 51649027 51649027 50421900 50421900 50744455 50744455 50421900 50421900 50421900 50421900 51649027 51649027 51649027 51649027 54734083 54734083 51649027 51649027 50421900 50421900 50744455 50744455 50421900 50421900 50421900 50421900 51649027 51649027 
51649027 51649027 54734083 54734083 51649027 51649027 50421900 50421900 50744455 50744455 50421900 50421900 50421900 50421900 51649027 51649027 51649027 51649027 54734083 54734083 51649027 51649027 50421900 50421900 50744455 50744455 50421900 50421900 50421900 50421900 51649027 51649027 
