32 32
15 15 15 15 15 15 15 15 0 0 0 0 0 0 0 0 6 6 6 6 0 0 0 0 15 15 15 15 15 15 15 15 
15 15 15 15 15 15 15 15 0 0 0 0 0 0 0 0 6 6 6 6 0 0 0 0 15 15 15 15 15 15 15 15 
15 15 15 15 0 0 0 0 6 6 0 0 0 0 0 0 0 0 6 6 6 6 0 0 0 0 15 15 15 15 15 15 
15 15 15 15 0 0 0 0 6 6 0 0 0 0 0 0 0 0 6 6 6 6 0 0 0 0 15 15 15 15 15 15 
15 15 0 0 6 6 0 0 0 0 0 0 6 6 6 6 6 6 0 0 0 0 0 0 0 0 0 0 15 15 15 15 
15 15 0 0 6 6 0 0 0 0 0 0 6 6 6 6 6 6 0 0 0 0 0 0 0 0 0 0 15 15 15 15 
0 0 6 6 6 6 0 0 6 6 0 0 6 6 6 6 6 6 6 6 6 6 0 0 0 0 6 6 0 0 15 15 
0 0 6 6 6 6 0 0 6 6 0 0 6 6 6 6 6 6 6 6 6 6 0 0 0 0 6 6 0 0 15 15 
0 0 6 6 0 0 6 6 6 6 6 6 0 0 6 6 6 6 6 6 6 6 6 6 0 0 0 0 0 0 6 6 
0 0 6 6 0 0 6 6 6 6 6 6 0 0 6 6 6 6 6 6 6 6 6 6 0 0 0 0 0 0 6 6 
0 0 0 0 0 0 6 6 6 6 6 6 0 0 0 0 0 0 6 6 6 6 6 6 0 0 6 6 0 0 0 0 
0 0 0 0 0 0 6 6 6 6 6 6 0 0 0 0 0 0 6 6 6 6 6 6 0 0 6 6 0 0 0 0 
6 6 0 0 0 0 6 6 6 6 0 0 6 6 6 6 6 6 6 6 6 6 6 6 6 6 0 0 0 0 0 0 
6 6 0 0 0 0 6 6 6 6 0 0 6 6 6 6 6 6 6 6 6 6 6 6 6 6 0 0 0 0 0 0 
15 15 0 0 0 0 0 0 6 6 6 6 6 6 6 6 0 0 6 6 6 6 6 6 0 0 0 0 0 0 6 6 
15 15 0 0 0 0 0 0 6 6 6 6 6 6 6 6 0 0 6 6 6 6 6 6 0 0 0 0 0 0 6 6 
0 0 6 6 6 6 0 0 6 6 6 6 6 6 0 0 6 6 6 6 6 6 0 0 6 6 0 0 0 0 15 15 
0 0 6 6 6 6 0 0 6 6 6 6 6 6 0 0 6 6 6 6 6 6 0 0 6 6 0 0 0 0 15 15 
0 0 6 6 6 6 6 6 0 0 6 6 6 6 0 0 6 6 6 6 0 0 0 0 0 0 0 0 0 0 6 6 
0 0 6 6 6 6 6 6 0 0 6 6 6 6 0 0 6 6 6 6 0 0 0 0 0 0 0 0 0 0 6 6 
0 0 6 6 0 0 6 6 6 6 0 0 0 0 0 0 0 0 0 0 0 0 6 6 6 6 0 0 0 0 0 0 
0 0 6 6 0 0 6 6 6 6 0 0 0 0 0 0 0 0 0 0 0 0 6 6 6 6 0 0 0 0 0 0 
15 15 0 0 6 6 6 6 6 6 0 0 0 0 0 0 0 0 6 6 6 6 0 0 6 6 6 6 0 0 6 6 
15 15 0 0 6 6 6 6 6 6 0 0 0 0 0 0 0 0 6 6 6 6 0 0 6 6 6 6 0 0 6 6 
15 15 0 0 0 0 6 6 0 0 0 0 0 0 0 0 6 6 0 0 6 6 6 6 6 6 0 0 0 0 15 15 
15 15 0 0 0 0 6 6 0 0 0 0 0 0 0 0 6 6 0 0 6 6 6 6 6 6 0 0 0 0 15 15 
15 15 15 15 0 0 0 0 0 0 0 0 0 0 0 0 0 0 0 0 0 0 0 0 0 0 0 0 15 15 15 15 
15 15 15 15 0 0 0 0 0 0 0 0 0 0 0 0 0 0 0 0 0 0 0 0 0 0 0 0 15 15 15 15 
15 15 15 15 15 0 0 0 0 0 0 0 0 0 15 15 15 15 0 0 0 0 0 0 6 6 15 15 15 15 15 15 
15 15 15 15 15 0 0 0 0 0 0 0 0 0 15 15 15 15 0 0 0 0 0 0 6 6 15 15 15 15 15 15 
15 15 15 15 15 15 15 15 6 6 0 0 15 15 15 15 15 15 15 15 0 0 15 15 15 15 15 15 15 15 15 15 
15 15 15 15 15 15 15 15 6 6 0 0 15 15 15 15 15 15 15 15 0 0 15 15 15 15 15 15 15 15 15 15 
