32 32
15 15 15 15 15 15 15 15 15 15 15 15 15 15 15 15 15 15 15 15 15 15 15 15 15 15 15 15 15 15 15 15 
15 15 15 15 15 15 15 15 15 15 15 15 15 15 15 15 15 15 15 15 15 15 15 15 15 15 15 15 15 15 15 15 
15 15 15 15 15 15 15 15 15 15 15 15 15 15 15 15 15 15 15 15 15 15 15 15 15 15 15 15 15 15 15 15 
15 15 15 15 15 15 15 15 15 15 15 15 15 15 15 15 15 15 15 15 15 15 15 15 15 15 15 15 15 15 15 15 
15 15 15 15 15 15 15 15 15 15 15 15 15 15 15 15 15 15 15 15 15 15 15 15 15 15 15 15 15 15 15 15 
15 15 15 15 15 15 15 15 15 15 15 15 15 15 15 15 15 15 15 15 15 15 15 15 15 15 15 15 15 15 15 15 
15 15 15 15 15 15 15 15 15 15 15 15 15 15 0 0 0 0 15 15 15 15 15 15 15 15 15 15 15 15 15 15 
15 15 15 15 15 15 15 15 15 15 15 15 15 15 0 0 0 0 15 15 15 15 15 15 15 15 15 15 15 15 15 15 
15 15 15 15 15 15 15 15 15 15 0 0 0 0 0 0 0 0 0 0 0 0 15 15 15 15 15 15 15 15 15 15 
15 15 15 15 15 15 15 15 15 15 0 0 0 0 0 0 0 0 0 0 0 0 15 15 15 15 15 15 15 15 15 15 
15 15 15 15 15 15 0 0 15 15 0 0 14 6 0 0 0 0 6 14 0 0 15 15 0 0 15 15 15 15 15 15 
15 15 15 15 15 15 0 0 15 15 0 0 6 14 0 0 0 0 14 6 0 0 15 15 0 0 15 15 15 15 15 15 
15 15 15 15 0 0 0 0 0 0 0 0 0 0 0 0 0 0 0 0 0 0 0 0 0 0 0 0 15 15 15 15 
15 15 15 15 0 0 0 0 0 0 0 0 0 0 0 0 0 0 0 0 0 0 0 0 0 0 0 0 15 15 15 15 
15 15 0 0 0 0 0 0 0 0 0 0 4 4 4 4 4 4 4 4 0 0 0 0 0 0 0 0 0 0 15 15 
15 15 0 0 0 0 0 0 0 0 0 0 4 4 4 4 4 4 4 4 0 0 0 0 0 0 0 0 0 0 15 15 
0 0 0 0 0 0 0 0 0 0 0 0 0 0 4 4 4 4 0 0 0 0 0 0 0 0 0 0 0 0 0 0 
0 0 0 0 0 0 0 0 0 0 0 0 0 0 4 4 4 4 0 0 0 0 0 0 0 0 0 0 0 0 0 0 
0 0 0 0 0 0 0 0 0 0 15 15 0 0 0 0 0 0 0 0 15 15 0 0 0 0 0 0 0 0 0 0 
0 0 0 0 0 0 0 0 0 0 15 15 0 0 0 0 0 0 0 0 15 15 0 0 0 0 0 0 0 0 0 0 
0 0 0 0 0 0 0 0 15 15 15 15 15 15 15 15 15 15 15 15 15 15 15 15 0 0 0 0 0 0 0 0 
0 0 0 0 0 0 0 0 15 15 15 15 15 15 15 15 15 15 15 15 15 15 15 15 0 0 0 0 0 0 0 0 
0 0 0 0 0 0 15 15 15 15 15 15 15 15 15 15 15 15 15 15 15 15 15 15 15 15 0 0 0 0 0 0 
0 0 0 0 0 0 15 15 15 15 15 15 15 15 15 15 15 15 15 15 15 15 15 15 15 15 0 0 0 0 0 0 
15 15 0 0 0 0 15 15 15 15 15 15 15 15 15 15 15 15 15 15 15 15 15 15 15 15 0 0 0 0 15 15 
15 15 0 0 0 0 15 15 15 15 15 15 15 15 15 15 15 15 15 15 15 15 15 15 15 15 0 0 0 0 15 15 
15 15 15 15 0 0 0 0 15 15 15 15 15 15 15 15 15 15 15 15 15 15 15 15 0 0 0 0 15 15 15 15 
15 15 15 15 0 0 0 0 15 15 15 15 15 15 15 15 15 15 15 15 15 15 15 15 0 0 0 0 15 15 15 15 
15 15 15 15 15 15 15 15 15 15 15 15 15 15 15 15 15 15 15 15 15 15 15 15 15 15 15 15 15 15 15 15 
15 15 15 15 15 15 15 15 15 15 15 15 15 15 15 15 15 15 15 15 15 15 15 15 15 15 15 15 15 15 15 15 
15 15 15 15 15 15 15 15 15 15 15 15 15 15 15 15 15 15 15 15 15 15 15 15 15 15 15 15 15 15 15 15 
15 15 15 15 15 15 15 15 15 15 15 15 15 15 15 15 15 15 15 15 15 15 15 15 15 15 15 15 15 15 15 15 
