32 32
15 15 15 15 15 15 15 15 15 15 15 15 15 15 15 15 15 15 15 15 15 15 15 15 15 15 15 15 15 15 15 15 
15 15 15 15 15 15 15 15 15 15 15 15 15 15 15 15 15 15 15 15 15 15 15 15 15 15 15 15 15 15 15 15 
15 15 15 15 15 15 15 15 15 15 15 15 15 15 51643397 51643397 51643397 51643397 15 15 15 15 15 15 15 15 15 15 15 15 15 15 
15 15 15 15 15 15 15 15 15 15 15 15 15 15 51643397 51643397 51643397 51643397 15 15 15 15 15 15 15 15 15 15 15 15 15 15 
15 15 15 15 15 15 15 15 15 15 15 15 51643397 51643397 15 15 52068398 52068398 51643397 51643397 15 15 15 15 15 15 15 15 15 15 15 15 
15 15 15 15 15 15 15 15 15 15 15 15 51643397 51643397 15 15 52068398 52068398 51643397 51643397 15 15 15 15 15 15 15 15 15 15 15 15 
15 15 15 15 15 15 15 15 15 15 51643397 51643397 15 15 15 15 15 15 15 15 51643397 51643397 15 15 15 15 15 15 15 15 15 15 
15 15 15 15 15 15 15 15 15 15 51643397 51643397 15 15 15 15 15 15 15 15 51643397 51643397 15 15 15 15 15 15 15 15 15 15 
15 15 15 15 15 15 15 15 51643397 51643397 15 15 15 15 56937866 56937866 52068398 52068398 15 15 52068398 52068398 51643397 51643397 15 15 15 15 15 15 15 15 
15 15 15 15 15 15 15 15 51643397 51643397 15 15 15 15 56937866 56937866 52068398 52068398 15 15 52068398 52068398 51643397 51643397 15 15 15 15 15 15 15 15 
15 15 15 15 15 15 15 15 51643397 51643397 15 15 56937866 56937866 15 15 15 15 52068398 52068398 56937866 56937866 51643397 51643397 15 15 15 15 15 15 15 15 
15 15 15 15 15 15 15 15 51643397 51643397 15 15 56937866 56937866 15 15 15 15 52068398 52068398 56937866 56937866 51643397 51643397 15 15 15 15 15 15 15 15 
15 15 15 15 15 15 15 15 51643397 51643397 56937866 56937866 52068398 52068398 15 15 15 15 52068398 52068398 56937866 56937866 51643397 51643397 15 15 15 15 15 15 15 15 
15 15 15 15 15 15 15 15 51643397 51643397 56937866 56937866 52068398 52068398 15 15 15 15 52068398 52068398 56937866 56937866 51643397 51643397 15 15 15 15 15 15 15 15 
15 15 15 15 15 15 15 15 51643397 51643397 56937866 56937866 52068398 52068398 15 15 15 15 52068398 52068398 56937866 56937866 51643397 51643397 15 15 15 15 15 15 15 15 
15 15 15 15 15 15 15 15 51643397 51643397 56937866 56937866 52068398 52068398 15 15 15 15 52068398 52068398 56937866 56937866 51643397 51643397 15 15 15 15 15 15 15 15 
15 15 15 15 15 15 15 15 51643397 51643397 15 15 52068398 52068398 15 15 56937866 56937866 52068398 52068398 52068398 52068398 51643397 51643397 15 15 15 15 15 15 15 15 
15 15 15 15 15 15 15 15 51643397 51643397 15 15 52068398 52068398 15 15 56937866 56937866 52068398 52068398 52068398 52068398 51643397 51643397 15 15 15 15 15 15 15 15 
15 15 15 15 15 15 15 15 51643397 51643397 15 15 15 15 56937866 56937866 56937866 56937866 52068398 52068398 52170496 52170496 51643397 51643397 51381021 51381021 51381021 51381021 51381021 51381021 15 15 
15 15 15 15 15 15 15 15 51643397 51643397 15 15 15 15 56937866 56937866 56937866 56937866 52068398 52068398 52170496 52170496 51643397 51643397 51381021 51381021 51381021 51381021 51381021 51381021 15 15 
15 15 15 15 15 15 15 15 51643397 51643397 15 15 15 15 56937866 56937866 56937866 56937866 52170496 52170496 15 15 51643397 51643397 15 15 15 15 15 15 51381021 51381021 
15 15 15 15 15 15 15 15 51643397 51643397 15 15 15 15 56937866 56937866 56937866 56937866 52170496 52170496 15 15 51643397 51643397 15 15 15 15 15 15 51381021 51381021 
15 15 15 15 15 15 15 15 51643397 51643397 15 15 56937866 56937866 56937866 56937866 52170496 52170496 15 15 15 15 51643397 51643397 15 15 51381021 51381021 15 15 51381021 51381021 
15 15 15 15 15 15 15 15 51643397 51643397 15 15 56937866 56937866 56937866 56937866 52170496 52170496 15 15 15 15 51643397 51643397 15 15 51381021 51381021 15 15 51381021 51381021 
15 15 15 15 15 15 15 15 15 15 51643397 51643397 56937866 56937866 56937866 56937866 52068398 52068398 52170496 52170496 15 15 51649027 51649027 15 15 51381021 51381021 15 15 51381021 51381021 
15 15 15 15 15 15 15 15 15 15 51643397 51643397 56937866 56937866 56937866 56937866 52068398 52068398 52170496 52170496 15 15 51649027 51649027 15 15 51381021 51381021 15 15 51381021 51381021 
15 15 15 15 15 15 15 15 15 15 15 15 51643397 51643397 52068398 52068398 52068398 52068398 51643397 51643397 15 15 51649027 51649027 15 15 51381021 51381021 15 15 51381021 51381021 
15 15 15 15 15 15 15 15 15 15 15 15 51643397 51643397 52068398 52068398 52068398 52068398 51643397 51643397 15 15 51649027 51649027 15 15 51381021 51381021 15 15 51381021 51381021 
15 15 15 15 15 15 15 15 15 15 15 15 15 15 51643397 51643397 51643397 51643397 52170496 52170496 66845691 66845691 51649027 51649027 15 15 15 15 15 15 51381021 51381021 
15 15 15 15 15 15 15 15 15 15 15 15 15 15 51643397 51643397 51643397 51643397 52170496 52170496 66845691 66845691 51649027 51649027 15 15 15 15 15 15 51381021 51381021 
15 15 15 15 15 15 15 15 15 15 15 15 15 15 15 15 15 15 15 15 52170496 52170496 15 15 51381021 51381021 51381021 51381021 51381021 51381021 15 15 
15 15 15 15 15 15 15 15 15 15 15 15 15 15 15 15 15 15 15 15 52170496 52170496 15 15 51381021 51381021 51381021 51381021 51381021 51381021 15 15 
