32 32
15 15 15 15 15 15 15 15 15 15 15 15 15 15 15 15 15 15 4 4 15 15 15 15 15 15 4 4 15 15 15 15 
15 15 15 15 15 15 15 15 15 15 15 15 15 15 15 15 15 15 4 4 15 15 15 15 15 15 4 4 15 15 15 15 
15 15 15 15 15 15 14 14 15 15 4 4 15 15 15 15 4 4 15 15 15 15 15 15 15 15 4 4 15 15 15 15 
15 15 15 15 15 15 14 14 15 15 4 4 15 15 15 15 4 4 15 15 15 15 15 15 15 15 4 4 15 15 15 15 
15 15 15 15 4 4 15 15 4 4 15 15 15 15 4 4 4 4 15 15 4 4 15 15 15 15 15 15 15 15 15 15 
15 15 15 15 4 4 15 15 4 4 15 15 15 15 4 4 4 4 15 15 4 4 15 15 15 15 15 15 15 15 15 15 
15 15 15 15 4 4 15 15 4 4 15 15 4 4 4 4 4 4 4 4 4 4 15 15 15 15 14 14 15 15 15 15 
15 15 15 15 4 4 15 15 4 4 15 15 4 4 4 4 4 4 4 4 4 4 15 15 15 15 14 14 15 15 15 15 
15 15 15 15 15 15 15 15 4 4 4 4 4 4 4 4 4 4 4 4 4 4 15 15 4 4 15 15 15 15 15 15 
15 15 15 15 15 15 15 15 4 4 4 4 4 4 4 4 4 4 4 4 4 4 15 15 4 4 15 15 15 15 15 15 
15 15 14 14 4 4 15 15 4 4 4 4 14 14 4 4 4 4 4 4 15 15 4 4 4 4 15 15 4 4 0 15 
15 15 14 14 4 4 15 15 4 4 4 4 14 14 4 4 4 4 4 4 15 15 4 4 4 4 15 15 4 4 0 15 
15 15 4 4 4 4 4 4 4 4 14 14 4 4 4 4 4 4 4 4 14 14 4 4 4 4 4 4 4 4 0 15 
15 15 4 4 4 4 4 4 4 4 14 14 4 4 4 4 4 4 4 4 14 14 4 4 4 4 4 4 4 4 0 0 
15 15 4 4 4 4 4 4 4 4 14 14 4 4 14 14 4 4 4 4 4 4 4 4 4 4 4 4 15 15 4 0 
15 15 4 4 4 4 4 4 4 4 14 14 4 4 14 14 4 4 4 4 4 4 4 4 4 4 4 4 15 15 4 0 
15 15 4 4 4 4 4 4 14 14 14 14 4 4 14 14 4 4 14 14 4 4 4 4 4 4 4 4 15 15 4 0 
15 15 0 4 4 4 4 4 14 14 14 14 4 4 14 14 4 4 14 14 4 4 4 4 4 4 4 4 15 15 4 0 
0 4 15 15 4 4 14 14 14 14 14 14 14 14 14 14 14 14 4 4 14 14 4 4 4 4 4 4 4 4 4 0 
0 4 15 15 4 4 14 14 14 14 14 14 14 14 14 14 14 14 4 4 14 14 4 4 4 4 4 4 4 4 4 0 
0 4 4 4 4 4 14 14 4 4 14 14 14 14 15 15 14 14 14 14 14 14 14 14 4 4 4 4 4 4 4 0 
0 4 4 4 4 4 14 14 4 4 14 14 14 14 15 15 14 14 14 14 14 14 14 14 4 4 4 4 4 0 0 0 
0 4 4 4 4 4 14 14 14 14 15 15 14 14 15 15 14 14 15 15 14 14 14 14 14 14 4 4 4 0 15 15 
0 4 0 4 4 4 14 14 14 14 15 15 14 14 15 15 14 14 15 15 14 14 14 14 14 14 4 4 4 0 15 15 
15 15 0 4 4 4 4 4 14 14 14 14 15 15 15 15 15 15 15 15 15 15 14 14 14 14 4 4 4 0 15 15 
15 15 0 4 4 4 4 4 14 14 14 14 15 15 15 15 15 15 15 15 15 15 14 14 14 14 4 0 0 0 15 15 
15 15 0 4 4 4 4 4 14 14 14 14 15 15 15 15 15 15 15 15 14 14 14 14 4 4 4 0 15 15 15 15 
15 15 0 0 0 4 4 4 14 14 14 14 15 15 15 15 15 15 15 15 14 14 14 14 4 4 4 0 15 15 15 15 
15 15 15 15 0 4 4 4 4 4 4 4 14 14 14 14 14 14 14 14 14 14 4 4 4 4 4 0 15 15 15 15 
15 15 15 15 0 0 0 0 0 0 0 4 14 14 14 14 14 14 14 14 14 14 4 0 0 0 0 0 15 15 15 15 
15 15 15 15 15 15 15 15 15 15 0 4 4 4 4 4 4 4 4 4 4 4 4 0 15 15 15 15 15 15 15 15 
15 15 15 15 15 15 15 15 15 15 0 0 0 0 0 0 0 0 0 0 0 0 0 0 15 15 15 15 15 15 15 15 
