32 32
15 15 15 15 15 15 15 15 15 15 15 15 0 0 0 0 0 0 0 0 0 0 15 15 15 15 15 15 15 15 15 15 
15 15 15 15 15 15 15 15 15 15 15 15 0 0 0 0 0 0 0 0 0 0 15 15 15 15 15 15 15 15 15 15 
15 15 15 15 15 15 15 15 0 0 0 0 0 0 0 0 0 0 0 0 0 0 0 0 0 0 15 15 15 15 15 15 
15 15 15 15 15 15 15 15 0 0 0 0 0 0 0 0 0 0 0 0 0 0 0 0 0 0 15 15 15 15 15 15 
15 15 15 15 15 15 0 0 0 0 0 0 0 0 0 0 0 0 0 0 0 0 0 0 0 0 0 0 0 0 15 15 
15 15 15 15 15 15 0 0 0 0 0 0 0 0 0 0 0 0 0 0 0 0 0 0 0 0 0 0 0 0 15 15 
15 15 15 15 15 15 0 0 0 0 0 0 0 0 0 0 0 0 0 0 0 0 0 0 0 0 0 0 15 15 15 15 
15 15 15 15 15 15 0 0 0 0 0 0 0 0 0 0 0 0 0 0 0 0 0 0 0 0 0 0 15 15 15 15 
15 15 15 15 0 0 0 0 0 0 12 12 0 0 0 0 0 0 0 0 12 12 0 0 0 0 0 0 15 15 15 15 
15 15 15 15 0 0 0 0 0 0 12 12 0 0 0 0 0 0 0 0 12 12 0 0 0 0 0 0 15 15 15 15 
15 15 0 0 12 12 0 0 12 12 12 12 12 12 0 0 0 0 12 12 12 12 12 12 0 0 12 12 0 0 15 15 
15 15 0 0 12 12 0 0 12 12 12 12 12 12 0 0 0 0 12 12 12 12 12 12 0 0 12 12 0 0 15 15 
15 15 0 0 12 12 12 12 12 12 0 0 12 12 12 12 12 12 12 12 0 0 12 12 12 12 12 12 0 0 15 15 
15 15 0 0 12 12 12 12 12 12 0 0 12 12 12 12 12 12 12 12 0 0 12 12 12 12 12 12 0 0 15 15 
15 15 0 0 12 12 4 4 12 12 12 12 0 0 12 12 12 12 0 0 12 12 12 12 4 4 12 12 0 0 15 15 
15 15 0 0 12 12 4 4 12 12 12 12 0 0 12 12 12 12 0 0 12 12 12 12 4 4 12 12 0 0 15 15 
15 15 15 15 0 0 0 0 12 12 12 12 12 12 12 12 12 12 12 12 12 12 12 12 0 0 0 0 15 15 15 15 
15 15 15 15 0 0 0 0 12 12 12 12 12 12 12 12 12 12 12 12 12 12 12 12 0 0 0 0 15 15 15 15 
15 15 15 15 0 0 0 0 0 0 12 12 12 12 4 4 4 4 12 12 12 12 0 0 0 0 0 0 15 15 15 15 
15 15 15 15 0 0 0 0 0 0 12 12 12 12 4 4 4 4 12 12 12 12 0 0 0 0 0 0 15 15 15 15 
15 15 0 0 12 12 12 12 0 0 0 0 0 0 0 0 0 0 0 0 0 0 0 0 12 12 12 12 0 0 15 15 
15 15 0 0 12 12 12 12 0 0 0 0 0 0 0 0 0 0 0 0 0 0 0 0 12 12 12 12 0 0 15 15 
15 15 0 0 12 12 12 12 0 0 0 0 5 5 4 4 4 4 5 5 0 0 0 0 12 12 12 12 0 0 15 15 
15 15 0 0 12 12 12 12 0 0 0 0 5 5 4 4 4 4 5 5 0 0 0 0 12 12 12 12 0 0 15 15 
0 0 0 0 0 0 0 0 0 0 5 5 5 5 4 4 4 4 5 5 5 5 0 0 0 0 0 0 0 0 0 0 
0 0 0 0 0 0 0 0 0 0 5 5 5 5 4 4 4 4 5 5 5 5 0 0 0 0 0 0 0 0 0 0 
0 0 0 0 0 0 0 0 0 0 4 4 4 4 4 4 4 4 4 4 4 4 0 0 0 0 0 0 0 0 0 0 
0 0 0 0 0 0 0 0 0 0 4 4 4 4 4 4 4 4 4 4 4 4 0 0 0 0 0 0 0 0 0 0 
15 15 0 0 0 0 0 0 0 0 0 0 0 0 0 0 0 0 0 0 0 0 0 0 0 0 0 0 0 0 15 15 
15 15 0 0 0 0 0 0 0 0 0 0 0 0 0 0 0 0 0 0 0 0 0 0 0 0 0 0 0 0 15 15 
15 15 15 15 15 15 15 15 0 0 0 0 0 0 15 15 15 15 0 0 0 0 0 0 15 15 15 15 15 15 15 15 
15 15 15 15 15 15 15 15 0 0 0 0 0 0 15 15 15 15 0 0 0 0 0 0 15 15 15 15 15 15 15 15 
