32 32
15 15 15 15 15 15 15 15 15 15 15 15 15 15 0 0 0 0 15 15 15 15 15 15 15 15 15 15 15 15 15 15 
15 15 15 15 15 15 15 15 15 15 15 15 15 15 0 0 0 0 15 15 15 15 15 15 15 15 15 15 15 15 15 15 
15 15 15 15 15 15 15 15 15 15 15 15 0 0 6 6 6 6 0 0 15 15 15 15 15 15 15 15 15 15 15 15 
15 15 15 15 15 15 15 15 15 15 15 15 0 0 6 6 6 6 0 0 15 15 15 15 15 15 15 15 15 15 15 15 
15 15 15 15 15 15 15 15 15 15 0 0 0 0 0 0 0 0 0 0 0 0 15 15 15 15 15 15 15 15 15 15 
15 15 15 15 15 15 15 15 15 15 0 0 0 0 0 0 0 0 0 0 0 0 15 15 15 15 15 15 15 15 15 15 
15 15 15 15 15 15 15 15 0 0 4 4 4 4 4 4 4 4 4 4 4 4 0 0 15 15 15 15 15 15 15 15 
15 15 15 15 15 15 15 15 0 0 4 4 4 4 4 4 4 4 4 4 4 4 0 0 15 15 15 15 15 15 15 15 
15 15 15 15 15 15 0 0 7 7 7 7 4 4 4 4 4 4 4 4 7 7 7 7 0 0 15 15 15 15 15 15 
15 15 15 15 15 15 0 0 7 7 7 7 4 4 4 4 4 4 4 4 7 7 7 7 0 0 15 15 15 15 15 15 
15 15 15 15 15 15 0 0 7 7 14 4 7 7 4 4 4 4 7 7 4 14 7 7 0 0 15 15 15 15 15 15 
15 15 15 15 15 15 0 0 7 7 4 14 7 7 4 4 4 4 7 7 14 4 7 7 0 0 15 15 15 15 15 15 
15 15 15 15 15 15 15 15 0 0 7 7 7 7 4 4 4 4 7 7 7 7 0 0 15 15 15 15 15 15 15 15 
15 15 15 15 15 15 15 15 0 0 7 7 7 7 4 4 4 4 7 7 7 7 0 0 15 15 15 15 15 15 15 15 
15 15 15 15 15 15 15 15 15 15 0 0 4 4 4 4 4 4 4 4 0 0 15 15 15 15 15 15 15 15 15 15 
15 15 15 15 15 15 15 15 15 15 0 0 4 4 4 4 4 4 4 4 0 0 15 15 15 15 15 15 15 15 15 15 
15 15 15 15 15 15 15 15 0 0 4 4 0 0 4 4 4 4 0 0 4 4 0 0 15 15 15 15 15 15 15 15 
15 15 15 15 15 15 15 15 0 0 4 4 0 0 4 4 4 4 0 0 4 4 0 0 15 15 15 15 15 15 15 15 
15 15 15 15 15 15 15 15 0 0 4 4 6 6 0 0 0 0 6 6 4 4 0 0 15 15 15 15 15 15 15 15 
15 15 15 15 15 15 15 15 0 0 4 4 6 6 0 0 0 0 6 6 4 4 0 0 15 15 15 15 15 15 15 15 
15 15 15 15 15 15 0 0 4 4 4 4 6 6 6 6 6 6 6 6 4 4 4 4 0 0 15 15 15 15 15 15 
15 15 15 15 15 15 0 0 4 4 4 4 6 6 6 6 6 6 6 6 4 4 4 4 0 0 15 15 15 15 15 15 
15 15 15 15 15 15 0 0 4 4 6 6 4 4 4 4 4 4 4 4 6 6 4 4 0 0 15 15 15 15 15 15 
15 15 15 15 15 15 0 0 4 4 6 6 4 4 4 4 4 4 4 4 6 6 4 4 0 0 15 15 15 15 15 15 
15 15 15 15 15 15 15 15 0 0 6 6 6 6 6 6 6 6 6 6 6 6 0 0 15 15 15 15 15 15 15 15 
15 15 15 15 15 15 15 15 0 0 6 6 6 6 6 6 6 6 6 6 6 6 0 0 15 15 15 15 15 15 15 15 
15 15 15 15 15 15 15 15 15 15 0 0 6 6 6 6 6 6 6 6 0 0 15 15 15 15 15 15 15 15 15 15 
15 15 15 15 15 15 15 15 15 15 0 0 6 6 6 6 6 6 6 6 0 0 15 15 15 15 15 15 15 15 15 15 
15 15 15 15 15 15 15 15 15 15 15 15 0 0 0 0 0 0 0 0 15 15 15 15 15 15 15 15 15 15 15 15 
15 15 15 15 15 15 15 15 15 15 15 15 0 0 0 0 0 0 0 0 15 15 15 15 15 15 15 15 15 15 15 15 
15 15 15 15 15 15 15 15 15 15 15 15 15 15 15 15 15 15 15 15 15 15 15 15 15 15 15 15 15 15 15 15 
15 15 15 15 15 15 15 15 15 15 15 15 15 15 15 15 15 15 15 15 15 15 15 15 15 15 15 15 15 15 15 15 
