32 32
15 15 15 15 15 15 15 15 15 15 15 15 15 15 0 0 0 0 15 15 15 15 15 15 15 15 15 15 15 15 15 15 
15 15 15 15 15 15 15 15 15 15 15 15 15 15 0 0 0 0 15 15 15 15 15 15 15 15 15 15 15 15 15 15 
15 15 15 15 15 15 15 15 15 15 15 15 0 0 2 2 2 2 0 0 15 15 15 15 15 15 15 15 15 15 15 15 
15 15 15 15 15 15 15 15 15 15 15 15 0 0 2 2 2 2 0 0 15 15 15 15 15 15 15 15 15 15 15 15 
15 15 15 15 15 15 15 15 15 15 15 15 0 0 2 2 2 2 0 0 15 15 15 15 15 15 15 15 15 15 15 15 
15 15 15 15 15 15 15 15 15 15 15 15 0 0 2 2 2 2 0 0 15 15 15 15 15 15 15 15 15 15 15 15 
15 15 15 15 15 15 15 15 15 15 0 0 2 2 2 2 3 3 3 3 0 0 15 15 15 15 15 15 15 15 15 15 
15 15 15 15 15 15 15 15 15 15 0 0 2 2 2 2 3 3 3 3 0 0 15 15 15 15 15 15 15 15 15 15 
15 15 15 15 15 15 0 0 0 0 0 0 2 2 0 0 3 3 3 3 0 0 0 0 0 0 15 15 15 15 15 15 
15 15 15 15 15 15 0 0 0 0 0 0 2 2 0 0 3 3 2 3 0 0 0 0 0 0 15 15 15 15 15 15 
15 15 15 15 0 0 2 2 0 0 2 2 3 3 0 0 3 2 3 3 3 3 0 0 3 3 0 0 15 15 15 15 
15 15 15 15 0 0 2 2 0 0 2 2 3 3 0 0 3 3 3 3 3 3 0 0 3 3 0 0 15 15 15 15 
15 15 15 15 0 0 0 0 0 0 3 3 0 0 3 3 2 3 0 0 3 3 0 0 0 0 0 0 15 15 15 15 
15 15 15 15 0 0 0 0 0 0 3 3 0 0 3 3 3 3 0 0 3 3 0 0 0 0 0 0 15 15 15 15 
15 15 15 15 0 0 2 2 2 2 0 0 0 0 2 3 0 0 0 0 0 0 3 3 3 3 0 0 15 15 15 15 
15 15 15 15 0 0 2 2 2 2 0 0 0 0 2 3 0 0 0 0 0 0 3 3 3 3 0 0 15 15 15 15 
0 0 0 0 3 3 3 3 0 0 3 3 3 3 3 3 3 3 3 3 3 2 3 3 3 3 3 3 0 0 0 0 
0 0 0 0 3 3 3 3 0 0 3 3 3 3 3 3 2 3 3 3 3 3 3 2 3 3 3 3 0 0 0 0 
15 15 0 0 3 3 0 0 3 3 3 3 0 0 2 2 3 3 0 0 3 3 3 3 0 0 3 3 0 0 15 15 
15 15 0 0 3 3 0 0 3 2 3 3 0 0 3 2 3 3 0 0 3 3 3 3 0 0 3 3 0 0 15 15 
15 15 15 15 0 0 0 0 2 3 0 0 0 0 3 3 0 0 0 0 0 0 3 3 0 0 0 0 15 15 15 15 
15 15 15 15 0 0 0 0 3 3 0 0 0 0 3 3 0 0 0 0 0 0 3 3 0 0 0 0 15 15 15 15 
15 15 15 15 15 15 0 0 0 0 0 0 6 6 0 0 6 6 6 6 0 0 0 0 0 0 15 15 15 15 15 15 
15 15 15 15 15 15 0 0 0 0 0 0 6 6 0 0 6 6 6 6 0 0 0 0 0 0 15 15 15 15 15 15 
15 15 15 15 15 15 15 15 15 15 0 0 6 6 6 6 6 6 6 6 0 0 15 15 15 15 15 15 15 15 15 15 
15 15 15 15 15 15 15 15 15 15 0 0 6 6 6 6 6 6 6 6 0 0 15 15 15 15 15 15 15 15 15 15 
15 15 15 15 15 15 15 15 0 0 6 6 6 6 6 6 6 6 6 6 6 6 0 0 15 15 15 15 15 15 15 15 
15 15 15 15 15 15 15 15 0 0 6 6 6 6 6 6 6 6 6 6 6 6 0 0 15 15 15 15 15 15 15 15 
15 15 15 15 15 15 15 15 15 15 6 15 0 0 15 6 6 6 0 0 6 6 15 15 15 15 15 15 15 15 15 15 
15 15 15 15 15 15 15 15 15 15 15 15 0 0 15 15 6 15 0 0 15 15 15 15 15 15 15 15 15 15 15 15 
15 15 15 15 15 15 15 15 15 15 15 15 15 15 15 15 15 15 15 15 15 15 15 15 15 15 15 15 15 15 15 15 
15 15 15 15 15 15 15 15 15 15 15 15 15 15 15 15 15 15 15 15 15 15 15 15 15 15 15 15 15 15 15 15 
