32 32
63827450 63827450 65401837 65401837 63827450 63827450 63827450 63827450 63827450 63827450 63827450 63827450 63827450 63827450 65532131 65532131 63827450 63827450 65532131 65532131 63827450 63827450 63827450 63827450 63827450 63827450 63827450 63827450 63827450 63827450 63827450 63827450 
63827450 63827450 65401837 65401837 63827450 63827450 63827450 63827450 63827450 63827450 63827450 63827450 63827450 63827450 65532131 65532131 63827450 63827450 65532131 65532131 63827450 63827450 63827450 63827450 63827450 63827450 63827450 63827450 63827450 63827450 63827450 63827450 
63827450 63827450 63827450 63827450 63827450 63827450 63827450 63827450 65532131 65532131 63827450 63827450 63827450 63827450 63827450 63827450 63827450 63827450 63827450 63827450 63827450 63827450 63827450 63827450 65532131 65532131 63827450 63827450 63827450 63827450 63827450 63827450 
63827450 63827450 63827450 63827450 63827450 63827450 63827450 63827450 65532131 65532131 63827450 63827450 63827450 63827450 63827450 63827450 63827450 63827450 63827450 63827450 63827450 63827450 63827450 63827450 65532131 65532131 63827450 63827450 63827450 63827450 63827450 63827450 
63827450 63827450 63827450 63827450 63827450 63827450 63827450 63827450 63827450 63827450 63827450 63827450 63827450 63827450 63827450 63827450 63827450 63827450 63827450 63827450 63827450 63827450 63827450 63827450 63827450 63827450 63827450 63827450 63827450 63827450 63827450 63827450 
63827450 63827450 63827450 63827450 63827450 63827450 63827450 63827450 63827450 63827450 63827450 63827450 63827450 63827450 63827450 63827450 63827450 63827450 63827450 63827450 63827450 63827450 63827450 63827450 63827450 63827450 63827450 63827450 63827450 63827450 63827450 63827450 
65401837 65401837 63827450 63827450 63827450 63827450 63827450 63827450 63827450 63827450 63827450 63827450 63827450 63827450 63827450 63827450 65532131 65532131 63827450 63827450 63827450 63827450 63827450 63827450 63827450 63827450 63827450 63827450 63827450 63827450 63827450 63827450 
65401837 65401837 63827450 63827450 63827450 63827450 63827450 63827450 63827450 63827450 63827450 63827450 63827450 63827450 63827450 63827450 65532131 65532131 63827450 63827450 63827450 63827450 63827450 63827450 63827450 63827450 63827450 63827450 63827450 63827450 63827450 63827450 
63827450 63827450 63827450 63827450 63827450 63827450 63827450 63827450 63827450 63827450 63827450 63827450 63827450 63827450 65532131 65532131 63827450 63827450 63827450 63827450 63827450 63827450 63827450 63827450 63827450 63827450 63827450 63827450 63827450 63827450 63827450 63827450 
63827450 63827450 63827450 63827450 63827450 63827450 63827450 63827450 63827450 63827450 63827450 63827450 63827450 63827450 65532131 65532131 63827450 63827450 63827450 63827450 63827450 63827450 63827450 63827450 63827450 63827450 63827450 63827450 63827450 63827450 63827450 63827450 
63827450 63827450 63827450 63827450 63827450 63827450 63827450 63827450 63827450 63827450 63827450 63827450 63827450 63827450 63827450 63827450 63827450 63827450 63827450 63827450 63827450 63827450 63827450 63827450 63827450 63827450 63827450 63827450 63827450 63827450 63827450 63827450 
63827450 63827450 63827450 63827450 63827450 63827450 63827450 63827450 63827450 63827450 63827450 63827450 63827450 63827450 63827450 63827450 63827450 63827450 63827450 63827450 63827450 63827450 63827450 63827450 63827450 63827450 63827450 63827450 63827450 63827450 63827450 63827450 
63827450 63827450 65401837 65401837 63827450 63827450 63827450 63827450 63827450 63827450 63827450 63827450 63827450 63827450 63827450 63827450 63827450 63827450 65401837 65401837 63827450 63827450 63827450 63827450 63827450 63827450 63827450 63827450 63827450 63827450 63827450 63827450 
63827450 63827450 65401837 65401837 63827450 63827450 63827450 63827450 63827450 63827450 63827450 63827450 63827450 63827450 63827450 63827450 63827450 63827450 65401837 65401837 63827450 63827450 63827450 63827450 63827450 63827450 63827450 63827450 63827450 63827450 63827450 63827450 
63827450 63827450 63827450 63827450 63827450 63827450 63827450 63827450 63827450 63827450 63827450 63827450 63827450 63827450 63827450 63827450 63827450 63827450 63827450 63827450 63827450 63827450 63827450 63827450 63827450 63827450 63827450 63827450 63827450 63827450 63827450 63827450 
63827450 63827450 63827450 63827450 63827450 63827450 63827450 63827450 63827450 63827450 63827450 63827450 63827450 63827450 63827450 63827450 63827450 63827450 63827450 63827450 63827450 63827450 63827450 63827450 63827450 63827450 63827450 63827450 63827450 63827450 63827450 63827450 
63827450 63827450 65401837 65401837 63827450 63827450 63827450 63827450 63827450 63827450 63827450 63827450 63827450 63827450 65401837 65401837 63827450 63827450 65401837 65401837 63827450 63827450 63827450 63827450 63827450 63827450 63827450 63827450 63827450 63827450 63827450 63827450 
63827450 63827450 65401837 65401837 63827450 63827450 63827450 63827450 63827450 63827450 63827450 63827450 63827450 63827450 65401837 65401837 63827450 63827450 65401837 65401837 63827450 63827450 63827450 63827450 63827450 63827450 63827450 63827450 63827450 63827450 63827450 63827450 
63827450 63827450 63827450 63827450 63827450 63827450 63827450 63827450 65401837 65401837 63827450 63827450 63827450 63827450 63827450 63827450 63827450 63827450 63827450 63827450 63827450 63827450 63827450 63827450 65401837 65401837 63827450 63827450 63827450 63827450 63827450 63827450 
63827450 63827450 63827450 63827450 63827450 63827450 63827450 63827450 65401837 65401837 63827450 63827450 63827450 63827450 63827450 63827450 63827450 63827450 63827450 63827450 63827450 63827450 63827450 63827450 65401837 65401837 63827450 63827450 63827450 63827450 63827450 63827450 
63827450 63827450 63827450 63827450 63827450 63827450 63827450 63827450 63827450 63827450 63827450 63827450 63827450 63827450 63827450 63827450 63827450 63827450 63827450 63827450 63827450 63827450 63827450 63827450 63827450 63827450 63827450 63827450 63827450 63827450 63827450 63827450 
63827450 63827450 63827450 63827450 63827450 63827450 63827450 63827450 63827450 63827450 63827450 63827450 63827450 63827450 63827450 63827450 63827450 63827450 63827450 63827450 63827450 63827450 63827450 63827450 63827450 63827450 63827450 63827450 63827450 63827450 63827450 63827450 
65401837 65401837 63827450 63827450 63827450 63827450 63827450 63827450 63827450 63827450 63827450 63827450 63827450 63827450 63827450 63827450 65401837 65401837 63827450 63827450 63827450 63827450 63827450 63827450 63827450 63827450 63827450 63827450 63827450 63827450 63827450 63827450 
65401837 65401837 63827450 63827450 63827450 63827450 63827450 63827450 63827450 63827450 63827450 63827450 63827450 63827450 63827450 63827450 65401837 65401837 63827450 63827450 63827450 63827450 63827450 63827450 63827450 63827450 63827450 63827450 63827450 63827450 63827450 63827450 
63827450 63827450 63827450 63827450 63827450 63827450 63827450 63827450 63827450 63827450 63827450 63827450 63827450 63827450 65401837 65401837 63827450 63827450 63827450 63827450 63827450 63827450 63827450 63827450 63827450 63827450 63827450 63827450 63827450 63827450 63827450 63827450 
63827450 63827450 63827450 63827450 63827450 63827450 63827450 63827450 63827450 63827450 63827450 63827450 63827450 63827450 65401837 65401837 63827450 63827450 63827450 63827450 63827450 63827450 63827450 63827450 63827450 63827450 63827450 63827450 63827450 63827450 63827450 63827450 
63827450 63827450 63827450 63827450 63827450 63827450 63827450 63827450 63827450 63827450 63827450 63827450 63827450 63827450 63827450 63827450 63827450 63827450 63827450 63827450 63827450 63827450 63827450 63827450 63827450 63827450 63827450 63827450 63827450 63827450 63827450 63827450 
63827450 63827450 63827450 63827450 63827450 63827450 63827450 63827450 63827450 63827450 63827450 63827450 63827450 63827450 63827450 63827450 63827450 63827450 63827450 63827450 63827450 63827450 63827450 63827450 63827450 63827450 63827450 63827450 63827450 63827450 63827450 63827450 
63827450 63827450 63827450 63827450 63827450 63827450 63827450 63827450 63827450 63827450 63827450 63827450 63827450 63827450 63827450 63827450 63827450 63827450 63827450 63827450 63827450 63827450 63827450 63827450 63827450 63827450 63827450 63827450 63827450 63827450 63827450 63827450 
63827450 63827450 63827450 63827450 63827450 63827450 63827450 63827450 63827450 63827450 63827450 63827450 63827450 63827450 63827450 63827450 63827450 63827450 63827450 63827450 63827450 63827450 63827450 63827450 63827450 63827450 63827450 63827450 63827450 63827450 63827450 63827450 
63827450 63827450 65401837 65401837 63827450 63827450 63827450 63827450 63827450 63827450 63827450 63827450 63827450 63827450 63827450 63827450 63827450 63827450 65401837 65401837 63827450 63827450 63827450 63827450 63827450 63827450 63827450 63827450 63827450 63827450 63827450 63827450 
63827450 63827450 65401837 65401837 63827450 63827450 63827450 63827450 63827450 63827450 63827450 63827450 63827450 63827450 63827450 63827450 63827450 63827450 65401837 65401837 63827450 63827450 63827450 63827450 63827450 63827450 63827450 63827450 63827450 63827450 63827450 63827450 
