32 32
60809927 60809927 60809927 60809927 60809927 60809927 60809927 60809927 60809927 60809927 60809927 60809927 60809927 60809927 60809927 60809927 60809927 60809927 60809927 60809927 60809927 60809927 60809927 60809927 60809927 60809927 60809927 60809927 60809927 60809927 60809927 60809927 
60809927 60809927 60809927 60809927 60809927 60809927 60809927 60809927 60809927 60809927 60809927 60809927 60809927 60809927 60809927 60809927 60809927 60809927 60809927 60809927 60809927 60809927 60809927 60809927 60809927 60809927 60809927 60809927 60809927 60809927 63890902 63890902 
60809927 60809927 63890902 63890902 60809927 60809927 60809927 60809927 60809927 60809927 60809927 60809927 60809927 60809927 63890902 63890902 60809927 60809927 63890902 63890902 60809927 60809927 60809927 60809927 60809927 60809927 60809927 60809927 60809927 60809927 63890902 63890902 
60809927 60809927 63890902 63890902 60809927 60809927 60809927 60809927 60809927 60809927 60809927 60809927 60809927 60809927 63890902 63890902 60809927 60809927 63890902 63890902 60809927 60809927 60809927 60809927 60809927 60809927 60809927 60809927 60809927 60809927 60809927 60809927 
60809927 60809927 60809927 60809927 60809927 60809927 60809927 60809927 64473824 64473824 60809927 60809927 60809927 60809927 60809927 60809927 60809927 60809927 60809927 60809927 60809927 60809927 60809927 60809927 65724333 65724333 60809927 60809927 60809927 60809927 60809927 60809927 
60809927 60809927 60809927 60809927 60809927 60809927 60809927 60809927 64473824 64473824 60809927 60809927 60809927 60809927 60809927 60809927 60809927 60809927 60809927 60809927 60809927 60809927 60809927 60809927 65724333 65724333 60809927 60809927 60809927 60809927 60809927 60809927 
60809927 60809927 60809927 60809927 60809927 60809927 60809927 60809927 60809927 60809927 60809927 60809927 60809927 60809927 60809927 60809927 60809927 60809927 60809927 60809927 60809927 60809927 60809927 60809927 60809927 60809927 60809927 60809927 60809927 60809927 60809927 60809927 
60809927 60809927 60809927 60809927 60809927 60809927 60809927 60809927 60809927 60809927 60809927 60809927 60809927 60809927 60809927 60809927 60809927 60809927 60809927 60809927 60809927 60809927 60809927 60809927 60809927 60809927 60809927 60809927 60809927 60809927 60809927 60809927 
63890902 63890902 60809927 60809927 60809927 60809927 60809927 60809927 60809927 60809927 60809927 60809927 60809927 60809927 60809927 60809927 55635173 55635173 60809927 60809927 60809927 60809927 60809927 60809927 60809927 60809927 60809927 60809927 60809927 60809927 60809927 60809927 
63890902 63890902 60809927 60809927 60809927 60809927 60809927 60809927 60809927 60809927 60809927 60809927 60809927 60809927 60809927 60809927 55635173 55635173 60809927 60809927 60809927 60809927 60809927 60809927 60809927 60809927 60809927 60809927 60809927 60809927 63890902 63890902 
60809927 60809927 60809927 60809927 60809927 60809927 60809927 60809927 60809927 60809927 60809927 60809927 60809927 60809927 63890902 63890902 60809927 60809927 60809927 60809927 60809927 60809927 60809927 60809927 60809927 60809927 60809927 60809927 60809927 60809927 63890902 63890902 
60809927 60809927 60809927 60809927 60809927 60809927 60809927 60809927 60809927 60809927 60809927 60809927 60809927 60809927 63890902 63890902 60809927 60809927 60809927 60809927 60809927 60809927 60809927 60809927 60809927 60809927 60809927 60809927 60809927 60809927 60809927 60809927 
60809927 60809927 60809927 60809927 60809927 60809927 60809927 60809927 60809927 60809927 60809927 60809927 60809927 60809927 60809927 60809927 60809927 60809927 60809927 60809927 60809927 60809927 60809927 60809927 60809927 60809927 60809927 60809927 60809927 60809927 60809927 60809927 
60809927 60809927 60809927 60809927 60809927 60809927 60809927 60809927 60809927 60809927 60809927 60809927 60809927 60809927 60809927 60809927 60809927 60809927 60809927 60809927 60809927 60809927 60809927 60809927 60809927 60809927 60809927 60809927 60809927 60809927 60809927 60809927 
60809927 60809927 63890902 63890902 60809927 60809927 60809927 60809927 60809927 60809927 60809927 60809927 60809927 60809927 60809927 60809927 60809927 60809927 62707959 62707959 60809927 60809927 60809927 60809927 60809927 60809927 60809927 60809927 60809927 60809927 60809927 60809927 
60809927 60809927 63890902 63890902 60809927 60809927 60809927 60809927 60809927 60809927 60809927 60809927 60809927 60809927 60809927 60809927 60809927 60809927 62707959 62707959 60809927 60809927 60809927 60809927 60809927 60809927 60809927 60809927 60809927 60809927 60809927 60809927 
60809927 60809927 60809927 60809927 60809927 60809927 60809927 60809927 60809927 60809927 60809927 60809927 60809927 60809927 60809927 60809927 60809927 60809927 60809927 60809927 60809927 60809927 60809927 60809927 60809927 60809927 60809927 60809927 60809927 60809927 60809927 60809927 
60809927 60809927 60809927 60809927 60809927 60809927 60809927 60809927 60809927 60809927 60809927 60809927 60809927 60809927 60809927 60809927 60809927 60809927 60809927 60809927 60809927 60809927 60809927 60809927 60809927 60809927 60809927 60809927 60809927 60809927 60809927 60809927 
60809927 60809927 62707959 62707959 60809927 60809927 60809927 60809927 60809927 60809927 60809927 60809927 60809927 60809927 63890902 63890902 60809927 60809927 63890902 63890902 60809927 60809927 60809927 60809927 60809927 60809927 60809927 60809927 60809927 60809927 63890902 63890902 
60809927 60809927 62707959 62707959 60809927 60809927 60809927 60809927 60809927 60809927 60809927 60809927 60809927 60809927 63890902 63890902 60809927 60809927 63890902 63890902 60809927 60809927 60809927 60809927 60809927 60809927 60809927 60809927 60809927 60809927 63890902 63890902 
60809927 60809927 60809927 60809927 60809927 60809927 60809927 60809927 63890902 63890902 60809927 60809927 60809927 60809927 60809927 60809927 60809927 60809927 60809927 60809927 60809927 60809927 60809927 60809927 52554483 52554483 60809927 60809927 60809927 60809927 60809927 60809927 
60809927 60809927 60809927 60809927 60809927 60809927 60809927 60809927 63890902 63890902 60809927 60809927 60809927 60809927 60809927 60809927 60809927 60809927 60809927 60809927 60809927 60809927 60809927 60809927 52554483 52554483 60809927 60809927 60809927 60809927 60809927 60809927 
60809927 60809927 60809927 60809927 60809927 60809927 60809927 60809927 60809927 60809927 60809927 60809927 60809927 60809927 60809927 60809927 60809927 60809927 60809927 60809927 60809927 60809927 60809927 60809927 60809927 60809927 60809927 60809927 60809927 60809927 60809927 60809927 
60809927 60809927 60809927 60809927 60809927 60809927 60809927 60809927 60809927 60809927 60809927 60809927 60809927 60809927 60809927 60809927 60809927 60809927 60809927 60809927 60809927 60809927 60809927 60809927 60809927 60809927 60809927 60809927 60809927 60809927 60809927 60809927 
63890902 63890902 60809927 60809927 60809927 60809927 60809927 60809927 60809927 60809927 60809927 60809927 60809927 60809927 60809927 60809927 63890902 63890902 60809927 60809927 60809927 60809927 60809927 60809927 60809927 60809927 60809927 60809927 60809927 60809927 60809927 60809927 
63890902 63890902 60809927 60809927 60809927 60809927 60809927 60809927 60809927 60809927 60809927 60809927 60809927 60809927 60809927 60809927 63890902 63890902 60809927 60809927 60809927 60809927 60809927 60809927 60809927 60809927 60809927 60809927 60809927 60809927 60809927 60809927 
60809927 60809927 60809927 60809927 60809927 60809927 60809927 60809927 60809927 60809927 60809927 60809927 60809927 60809927 65724333 65724333 60809927 60809927 60809927 60809927 60809927 60809927 60809927 60809927 60809927 60809927 60809927 60809927 60809927 60809927 63890902 63890902 
60809927 60809927 60809927 60809927 60809927 60809927 60809927 60809927 60809927 60809927 60809927 60809927 60809927 60809927 65724333 65724333 60809927 60809927 60809927 60809927 60809927 60809927 60809927 60809927 60809927 60809927 60809927 60809927 60809927 60809927 63890902 63890902 
60809927 60809927 60809927 60809927 60809927 60809927 60809927 60809927 60809927 60809927 60809927 60809927 60809927 60809927 60809927 60809927 60809927 60809927 60809927 60809927 60809927 60809927 60809927 60809927 60809927 60809927 60809927 60809927 60809927 60809927 60809927 60809927 
60809927 60809927 60809927 60809927 60809927 60809927 60809927 60809927 60809927 60809927 60809927 60809927 60809927 60809927 60809927 60809927 60809927 60809927 64604257 60809927 60809927 60809927 60809927 60809927 60809927 60809927 60809927 60809927 60809927 60809927 60809927 60809927 
60809927 60809927 63890902 63890902 60809927 60809927 60809927 60809927 60809927 60809927 60809927 60809927 60809927 60809927 60809927 60809927 60809927 64604257 64604257 64604257 60809927 60809927 60809927 60809927 60809927 60809927 60809927 60809927 60809927 60809927 60809927 60809927 
60809927 60809927 63890902 63890902 60809927 60809927 60809927 60809927 60809927 60809927 60809927 60809927 60809927 60809927 60809927 60809927 60809927 60809927 64604257 63890902 60809927 60809927 60809927 60809927 60809927 60809927 60809927 60809927 60809927 60809927 60809927 60809927 
