32 32
15 15 15 15 15 15 15 15 15 15 15 15 15 15 15 15 15 15 15 15 15 15 15 15 15 15 15 15 15 15 15 15 
15 15 15 15 15 15 15 15 15 15 15 15 15 15 15 15 15 15 15 15 15 15 15 15 15 15 15 15 15 15 15 15 
15 15 15 15 15 15 15 15 15 15 15 15 15 15 51643397 51643397 51643397 51643397 15 15 15 15 15 15 15 15 15 15 15 15 15 15 
15 15 15 15 15 15 15 15 15 15 15 15 15 15 51643397 51643397 51643397 51643397 15 15 15 15 15 15 15 15 15 15 15 15 15 15 
15 15 15 15 15 15 15 15 15 15 15 15 51643397 51643397 15 15 52068398 52068398 51643397 51643397 15 15 15 15 15 15 15 15 15 15 15 15 
15 15 15 15 15 15 15 15 15 15 15 15 51643397 51643397 15 15 52068398 52068398 51643397 51643397 15 15 15 15 15 15 15 15 15 15 15 15 
15 15 15 15 15 15 15 15 15 15 51643397 51643397 15 15 15 15 15 15 15 15 51643397 51643397 15 15 15 15 15 15 15 15 15 15 
15 15 15 15 15 15 15 15 15 15 51643397 51643397 15 15 15 15 15 15 15 15 51643397 51643397 15 15 15 15 15 15 15 15 15 15 
15 15 15 15 15 15 15 15 51643397 51643397 15 15 15 15 56937866 56937866 52068398 52068398 15 15 52068398 52068398 51643397 51643397 15 15 15 15 15 15 15 15 
15 15 15 15 15 15 15 15 51643397 51643397 15 15 15 15 56937866 56937866 52068398 52068398 15 15 52068398 52068398 51643397 51643397 15 15 15 15 15 15 15 15 
15 15 15 15 15 15 15 15 51643397 51643397 15 15 56937866 56937866 15 15 15 15 52068398 52068398 56937866 56937866 51643397 51643397 15 15 15 15 15 15 15 15 
15 15 15 15 15 15 15 15 51643397 51643397 15 15 56937866 56937866 15 15 15 15 52068398 52068398 56937866 56937866 51643397 51643397 15 15 15 15 15 15 15 15 
15 15 15 15 15 15 15 15 51643397 51643397 56937866 56937866 52068398 52068398 15 15 15 15 52068398 52068398 56937866 56937866 51643397 51643397 15 15 15 15 15 15 15 15 
15 15 15 15 15 15 15 15 51643397 51643397 56937866 56937866 52068398 52068398 15 15 15 15 52068398 52068398 56937866 56937866 51643397 51643397 15 15 15 15 15 15 15 15 
15 15 15 15 15 15 15 15 51643397 51643397 56937866 56937866 52068398 52068398 15 15 15 15 52068398 52068398 56937866 56937866 51643397 51643397 15 15 15 15 15 15 15 15 
15 15 15 15 15 15 15 15 51643397 51643397 56937866 56937866 52068398 52068398 15 15 15 15 52068398 52068398 56937866 56937866 51643397 51643397 15 15 15 15 15 15 15 15 
15 15 15 15 15 15 15 15 51643397 51643397 15 15 52068398 52068398 15 15 56937866 56937866 52068398 52068398 52068398 52068398 51643397 51643397 15 15 15 15 15 15 15 15 
15 15 15 15 15 15 15 15 51643397 51643397 15 15 52068398 52068398 15 15 56937866 56937866 52068398 52068398 52068398 52068398 51643397 51643397 15 15 15 15 15 15 15 15 
15 15 15 15 15 15 15 15 51643397 51643397 15 15 15 15 56937866 56937866 56937866 56937866 52068398 52068398 52068398 52068398 51643397 51643397 15 15 15 15 15 15 15 15 
15 15 15 15 15 15 15 15 51643397 51643397 15 15 15 15 56937866 56937866 56937866 56937866 52068398 52068398 52068398 52068398 51643397 51643397 15 15 15 15 15 15 15 15 
15 15 15 15 15 15 15 15 51643397 51643397 15 15 15 15 56937866 56937866 56937866 56937866 52068398 52068398 52068398 52068398 51643397 51643397 15 15 15 15 15 15 15 15 
15 15 15 15 15 15 15 15 51643397 51643397 15 15 15 15 56937866 56937866 56937866 56937866 52068398 52068398 52068398 52068398 51643397 51643397 15 15 15 15 15 15 15 15 
15 15 15 15 15 15 15 15 51643397 51643397 15 15 56937866 56937866 56937866 56937866 52068398 52068398 52068398 52068398 52068398 52068398 51643397 51643397 15 15 15 15 15 15 15 15 
15 15 15 15 15 15 15 15 51643397 51643397 15 15 56937866 56937866 56937866 56937866 52068398 52068398 52068398 52068398 52068398 52068398 51643397 51643397 15 15 15 15 15 15 15 15 
15 15 15 15 15 15 15 15 15 15 51643397 51643397 56937866 56937866 56937866 56937866 52068398 52068398 52068398 52068398 51643397 51643397 15 15 15 15 15 15 15 15 15 15 
15 15 15 15 15 15 15 15 15 15 51643397 51643397 56937866 56937866 56937866 56937866 52068398 52068398 52068398 52068398 51643397 51643397 15 15 15 15 15 15 15 15 15 15 
15 15 15 15 15 15 15 15 15 15 15 15 51643397 51643397 52068398 52068398 52068398 52068398 51643397 51643397 15 15 15 15 15 15 15 15 15 15 15 15 
15 15 15 15 15 15 15 15 15 15 15 15 51643397 51643397 52068398 52068398 52068398 52068398 51643397 51643397 15 15 15 15 15 15 15 15 15 15 15 15 
15 15 15 15 15 15 15 15 15 15 15 15 15 15 51643397 51643397 51643397 51643397 15 15 15 15 15 15 15 15 15 15 15 15 15 15 
15 15 15 15 15 15 15 15 15 15 15 15 15 15 51643397 51643397 51643397 51643397 15 15 15 15 15 15 15 15 15 15 15 15 15 15 
15 15 15 15 15 15 15 15 15 15 15 15 15 15 15 15 15 15 15 15 15 15 15 15 15 15 15 15 15 15 15 15 
15 15 15 15 15 15 15 15 15 15 15 15 15 15 15 15 15 15 15 15 15 15 15 15 15 15 15 15 15 15 15 15 
